{
 "cells": [
  {
   "cell_type": "code",
   "execution_count": 1,
   "id": "09bee3e5",
   "metadata": {},
   "outputs": [
    {
     "name": "stderr",
     "output_type": "stream",
     "text": [
      "[nltk_data] Downloading package stopwords to\n",
      "[nltk_data]     C:\\Users\\easonlai\\AppData\\Roaming\\nltk_data...\n",
      "[nltk_data]   Package stopwords is already up-to-date!\n"
     ]
    }
   ],
   "source": [
    "# Import necessary libraries.\n",
    "import pandas as pd\n",
    "from sklearn.metrics.pairwise import cosine_similarity\n",
    "from sklearn.feature_extraction.text import TfidfVectorizer\n",
    "from nltk.corpus import stopwords\n",
    "import nltk\n",
    "nltk.download('stopwords')\n",
    "from nltk.corpus import stopwords\n",
    "stopworda = set(stopwords.words('english'))"
   ]
  },
  {
   "cell_type": "code",
   "execution_count": 2,
   "id": "a2a67ca5",
   "metadata": {},
   "outputs": [],
   "source": [
    "# Load the source dataset.\n",
    "df = pd.read_csv('.\\data\\data_v3b.csv')"
   ]
  },
  {
   "cell_type": "code",
   "execution_count": 3,
   "id": "ec85031c",
   "metadata": {},
   "outputs": [
    {
     "data": {
      "text/html": [
       "<div>\n",
       "<style scoped>\n",
       "    .dataframe tbody tr th:only-of-type {\n",
       "        vertical-align: middle;\n",
       "    }\n",
       "\n",
       "    .dataframe tbody tr th {\n",
       "        vertical-align: top;\n",
       "    }\n",
       "\n",
       "    .dataframe thead th {\n",
       "        text-align: right;\n",
       "    }\n",
       "</style>\n",
       "<table border=\"1\" class=\"dataframe\">\n",
       "  <thead>\n",
       "    <tr style=\"text-align: right;\">\n",
       "      <th></th>\n",
       "      <th>Product_ID</th>\n",
       "      <th>Product_Category</th>\n",
       "      <th>Brand_Name</th>\n",
       "      <th>Product_Name</th>\n",
       "      <th>Product_Details</th>\n",
       "      <th>Origin</th>\n",
       "      <th>Ingredients</th>\n",
       "      <th>key_phrase_extract</th>\n",
       "    </tr>\n",
       "  </thead>\n",
       "  <tbody>\n",
       "    <tr>\n",
       "      <th>0</th>\n",
       "      <td>100001</td>\n",
       "      <td>SHAMPOO</td>\n",
       "      <td>DOVE</td>\n",
       "      <td>DOVE BOTANIC BREAKAGE PROTECT SHAMPOO</td>\n",
       "      <td>Japan Origin. Combat hair breakage with Dove J...</td>\n",
       "      <td>Japan</td>\n",
       "      <td>Water  Sodium Laureth Sulfate  Cocamidopropyl ...</td>\n",
       "      <td>Dove Japan Hair Breakage Protection range  Com...</td>\n",
       "    </tr>\n",
       "    <tr>\n",
       "      <th>1</th>\n",
       "      <td>100002</td>\n",
       "      <td>SHAMPOO</td>\n",
       "      <td>DOVE</td>\n",
       "      <td>DOVE BOTANIC SPLIT ENDS PROTECT SHAMPOO</td>\n",
       "      <td>Japan Origin. Looking for smooth and straight ...</td>\n",
       "      <td>Japan</td>\n",
       "      <td>Water  Sodium Laureth Sulfate  Cocamidopropyl ...</td>\n",
       "      <td>Split Ends Protection range  Dove Japan Straig...</td>\n",
       "    </tr>\n",
       "    <tr>\n",
       "      <th>2</th>\n",
       "      <td>100003</td>\n",
       "      <td>SHAMPOO</td>\n",
       "      <td>DOVE</td>\n",
       "      <td>DOVE LIGHT MOIST PURE SHAMPOO</td>\n",
       "      <td>China Origin. Dove Light Moisture &amp; Purifying ...</td>\n",
       "      <td>China</td>\n",
       "      <td>Ingredients: Water  Sodium Laureth Sulfate  So...</td>\n",
       "      <td>natural sourced lotus extract  Dove Light Mois...</td>\n",
       "    </tr>\n",
       "    <tr>\n",
       "      <th>3</th>\n",
       "      <td>100004</td>\n",
       "      <td>SHAMPOO</td>\n",
       "      <td>DOVE</td>\n",
       "      <td>DOVE JAPAN AIRY MOISTURE SHAMPOO</td>\n",
       "      <td>Japan Origin. Featuring Oxygen 1 that attracts...</td>\n",
       "      <td>Japan</td>\n",
       "      <td>Water  Sodium Laureth Sulfate  Cocamidopropyl ...</td>\n",
       "      <td>oxygen-combined smooth moisture ingredient  Ad...</td>\n",
       "    </tr>\n",
       "    <tr>\n",
       "      <th>4</th>\n",
       "      <td>100005</td>\n",
       "      <td>SHAMPOO</td>\n",
       "      <td>DOVE</td>\n",
       "      <td>DOVE JAPAN RICH MOISTURE SHAMPOO</td>\n",
       "      <td>Japan Origin. Dove’s unique advanced moisture ...</td>\n",
       "      <td>Japan</td>\n",
       "      <td>Water  Sodium Laureth Sulfate  Cocamidopropyl ...</td>\n",
       "      <td>unique advanced moisture oil formula  moisture...</td>\n",
       "    </tr>\n",
       "  </tbody>\n",
       "</table>\n",
       "</div>"
      ],
      "text/plain": [
       "   Product_ID Product_Category Brand_Name  \\\n",
       "0      100001          SHAMPOO       DOVE   \n",
       "1      100002          SHAMPOO       DOVE   \n",
       "2      100003          SHAMPOO       DOVE   \n",
       "3      100004          SHAMPOO       DOVE   \n",
       "4      100005          SHAMPOO       DOVE   \n",
       "\n",
       "                              Product_Name  \\\n",
       "0    DOVE BOTANIC BREAKAGE PROTECT SHAMPOO   \n",
       "1  DOVE BOTANIC SPLIT ENDS PROTECT SHAMPOO   \n",
       "2            DOVE LIGHT MOIST PURE SHAMPOO   \n",
       "3         DOVE JAPAN AIRY MOISTURE SHAMPOO   \n",
       "4         DOVE JAPAN RICH MOISTURE SHAMPOO   \n",
       "\n",
       "                                     Product_Details Origin  \\\n",
       "0  Japan Origin. Combat hair breakage with Dove J...  Japan   \n",
       "1  Japan Origin. Looking for smooth and straight ...  Japan   \n",
       "2  China Origin. Dove Light Moisture & Purifying ...  China   \n",
       "3  Japan Origin. Featuring Oxygen 1 that attracts...  Japan   \n",
       "4  Japan Origin. Dove’s unique advanced moisture ...  Japan   \n",
       "\n",
       "                                         Ingredients  \\\n",
       "0  Water  Sodium Laureth Sulfate  Cocamidopropyl ...   \n",
       "1  Water  Sodium Laureth Sulfate  Cocamidopropyl ...   \n",
       "2  Ingredients: Water  Sodium Laureth Sulfate  So...   \n",
       "3  Water  Sodium Laureth Sulfate  Cocamidopropyl ...   \n",
       "4  Water  Sodium Laureth Sulfate  Cocamidopropyl ...   \n",
       "\n",
       "                                  key_phrase_extract  \n",
       "0  Dove Japan Hair Breakage Protection range  Com...  \n",
       "1  Split Ends Protection range  Dove Japan Straig...  \n",
       "2  natural sourced lotus extract  Dove Light Mois...  \n",
       "3  oxygen-combined smooth moisture ingredient  Ad...  \n",
       "4  unique advanced moisture oil formula  moisture...  "
      ]
     },
     "execution_count": 3,
     "metadata": {},
     "output_type": "execute_result"
    }
   ],
   "source": [
    "# Show the dataset headers.\n",
    "df.head()"
   ]
  },
  {
   "cell_type": "code",
   "execution_count": 9,
   "id": "2e73088f",
   "metadata": {},
   "outputs": [
    {
     "name": "stdout",
     "output_type": "stream",
     "text": [
      "<class 'pandas.core.frame.DataFrame'>\n",
      "Index: 21 entries, DOVE BOTANIC BREAKAGE PROTECT SHAMPOO to Essential Purify Anti Dandruff Shampoo\n",
      "Data columns (total 8 columns):\n",
      " #   Column              Non-Null Count  Dtype \n",
      "---  ------              --------------  ----- \n",
      " 0   index               21 non-null     int64 \n",
      " 1   Product_ID          21 non-null     int64 \n",
      " 2   Product_Category    21 non-null     object\n",
      " 3   Brand_Name          21 non-null     object\n",
      " 4   Product_Details     21 non-null     object\n",
      " 5   Origin              21 non-null     object\n",
      " 6   Ingredients         21 non-null     object\n",
      " 7   key_phrase_extract  21 non-null     object\n",
      "dtypes: int64(2), object(6)\n",
      "memory usage: 1.5+ KB\n"
     ]
    }
   ],
   "source": [
    "# Show the dataset information.\n",
    "df.info()"
   ]
  },
  {
   "cell_type": "markdown",
   "id": "f2105132",
   "metadata": {},
   "source": [
    "**Based on content wording in Product Details (Key Phrases from Azure Text Analytics) to figure out the similarity.**"
   ]
  },
  {
   "cell_type": "code",
   "execution_count": 5,
   "id": "34e411dd",
   "metadata": {},
   "outputs": [
    {
     "data": {
      "text/plain": [
       "array([[1.        , 0.17392681, 0.04192626, 0.04461385, 0.04707357,\n",
       "        0.00391087, 0.03647558, 0.03647558, 0.02051899, 0.03647558,\n",
       "        0.01646681, 0.01652632, 0.00522318, 0.00510027, 0.00438579,\n",
       "        0.00673983, 0.09526899, 0.03790213, 0.02364243, 0.03525902,\n",
       "        0.00899201],\n",
       "       [0.17392681, 1.        , 0.03605101, 0.06388497, 0.05737213,\n",
       "        0.00336283, 0.03136415, 0.03136415, 0.0176436 , 0.03136415,\n",
       "        0.01415927, 0.01421044, 0.00449124, 0.00438555, 0.0037712 ,\n",
       "        0.00579536, 0.05055484, 0.06460558, 0.02032935, 0.0414159 ,\n",
       "        0.00773193],\n",
       "       [0.04192626, 0.03605101, 1.        , 0.02196479, 0.02870175,\n",
       "        0.0173243 , 0.03130338, 0.03130338, 0.05758003, 0.03130338,\n",
       "        0.02110649, 0.02118276, 0.03107176, 0.03034058, 0.02609029,\n",
       "        0.04009404, 0.01035577, 0.01999262, 0.02087944, 0.02643918,\n",
       "        0.02169777],\n",
       "       [0.04461385, 0.06388497, 0.02196479, 1.        , 0.41887124,\n",
       "        0.02042699, 0.02723023, 0.02723023, 0.01795621, 0.02723023,\n",
       "        0.00417639, 0.00419148, 0.01401463, 0.01368484, 0.01176778,\n",
       "        0.04959393, 0.01557564, 0.03740721, 0.02122193, 0.05067066,\n",
       "        0.03475861],\n",
       "       [0.04707357, 0.05737213, 0.02870175, 0.41887124, 1.        ,\n",
       "        0.03101125, 0.02873153, 0.02873153, 0.01894621, 0.02873153,\n",
       "        0.00440665, 0.00442257, 0.04055291, 0.01443933, 0.01241659,\n",
       "        0.05232822, 0.00722999, 0.04405603, 0.05675617, 0.03642586,\n",
       "        0.03652455],\n",
       "       [0.00391087, 0.00336283, 0.0173243 , 0.02042699, 0.03101125,\n",
       "        1.        , 0.00574647, 0.00574647, 0.0059027 , 0.00574647,\n",
       "        0.00259423, 0.00260361, 0.00863427, 0.00843109, 0.00725001,\n",
       "        0.0111414 , 0.00308447, 0.0143788 , 0.01176268, 0.0133761 ,\n",
       "        0.02114159],\n",
       "       [0.03647558, 0.03136415, 0.03130338, 0.02723023, 0.02873153,\n",
       "        0.00574647, 1.        , 1.        , 0.08122955, 1.        ,\n",
       "        0.02879615, 0.02890021, 0.04727126, 0.04615887, 0.03969267,\n",
       "        0.06099738, 0.02876797, 0.06060888, 0.02391934, 0.05638231,\n",
       "        0.00957474],\n",
       "       [0.03647558, 0.03136415, 0.03130338, 0.02723023, 0.02873153,\n",
       "        0.00574647, 1.        , 1.        , 0.08122955, 1.        ,\n",
       "        0.02879615, 0.02890021, 0.04727126, 0.04615887, 0.03969267,\n",
       "        0.06099738, 0.02876797, 0.06060888, 0.02391934, 0.05638231,\n",
       "        0.00957474],\n",
       "       [0.02051899, 0.0176436 , 0.05758003, 0.01795621, 0.01894621,\n",
       "        0.0059027 , 0.08122955, 0.08122955, 1.        , 0.08122955,\n",
       "        0.02208408, 0.02216388, 0.0485564 , 0.04741378, 0.04077177,\n",
       "        0.06265568, 0.03678568, 0.04191688, 0.02583477, 0.0335912 ,\n",
       "        0.00609841],\n",
       "       [0.03647558, 0.03136415, 0.03130338, 0.02723023, 0.02873153,\n",
       "        0.00574647, 1.        , 1.        , 0.08122955, 1.        ,\n",
       "        0.02879615, 0.02890021, 0.04727126, 0.04615887, 0.03969267,\n",
       "        0.06099738, 0.02876797, 0.06060888, 0.02391934, 0.05638231,\n",
       "        0.00957474],\n",
       "       [0.01646681, 0.01415927, 0.02110649, 0.00417639, 0.00440665,\n",
       "        0.00259423, 0.02879615, 0.02879615, 0.02208408, 0.02879615,\n",
       "        1.        , 0.79956605, 0.02134049, 0.02083831, 0.01791916,\n",
       "        0.02753712, 0.0206096 , 0.02492785, 0.03275285, 0.03374145,\n",
       "        0.02646643],\n",
       "       [0.01652632, 0.01421044, 0.02118276, 0.00419148, 0.00442257,\n",
       "        0.00260361, 0.02890021, 0.02890021, 0.02216388, 0.02890021,\n",
       "        0.79956605, 1.        , 0.02141761, 0.02091362, 0.04412946,\n",
       "        0.02763663, 0.02068408, 0.02501794, 0.02741092, 0.02765413,\n",
       "        0.02105467],\n",
       "       [0.00522318, 0.00449124, 0.03107176, 0.01401463, 0.04055291,\n",
       "        0.00863427, 0.04727126, 0.04727126, 0.0485564 , 0.04727126,\n",
       "        0.02134049, 0.02141761, 1.        , 0.24406021, 0.20987082,\n",
       "        0.32251723, 0.00411947, 0.00418695, 0.11461031, 0.01635337,\n",
       "        0.01450491],\n",
       "       [0.00510027, 0.00438555, 0.03034058, 0.01368484, 0.01443933,\n",
       "        0.00843109, 0.04615887, 0.04615887, 0.04741378, 0.04615887,\n",
       "        0.02083831, 0.02091362, 0.24406021, 1.        , 0.20493216,\n",
       "        0.31492779, 0.00402254, 0.00408843, 0.01404243, 0.01596855,\n",
       "        0.01416358],\n",
       "       [0.00438579, 0.0037712 , 0.02609029, 0.01176778, 0.01241659,\n",
       "        0.00725001, 0.03969267, 0.03969267, 0.04077177, 0.03969267,\n",
       "        0.01791916, 0.04412946, 0.20987082, 0.20493216, 1.        ,\n",
       "        0.27081085, 0.00345904, 0.0035157 , 0.01207528, 0.01373158,\n",
       "        0.01217946],\n",
       "       [0.00673983, 0.00579536, 0.04009404, 0.04959393, 0.05232822,\n",
       "        0.0111414 , 0.06099738, 0.06099738, 0.06265568, 0.06099738,\n",
       "        0.02753712, 0.02763663, 0.32251723, 0.31492779, 0.27081085,\n",
       "        1.        , 0.00531564, 0.00540272, 0.01855659, 0.02110189,\n",
       "        0.01871669],\n",
       "       [0.09526899, 0.05055484, 0.01035577, 0.01557564, 0.00722999,\n",
       "        0.00308447, 0.02876797, 0.02876797, 0.03678568, 0.02876797,\n",
       "        0.0206096 , 0.02068408, 0.00411947, 0.00402254, 0.00345904,\n",
       "        0.00531564, 1.        , 0.44088575, 0.03158411, 0.04252058,\n",
       "        0.04224378],\n",
       "       [0.03790213, 0.06460558, 0.01999262, 0.03740721, 0.04405603,\n",
       "        0.0143788 , 0.06060888, 0.06060888, 0.04191688, 0.06060888,\n",
       "        0.02492785, 0.02501794, 0.00418695, 0.00408843, 0.0035157 ,\n",
       "        0.00540272, 0.44088575, 1.        , 0.0501234 , 0.08201707,\n",
       "        0.03917808],\n",
       "       [0.02364243, 0.02032935, 0.02087944, 0.02122193, 0.05675617,\n",
       "        0.01176268, 0.02391934, 0.02391934, 0.02583477, 0.02391934,\n",
       "        0.03275285, 0.02741092, 0.11461031, 0.01404243, 0.01207528,\n",
       "        0.01855659, 0.03158411, 0.0501234 , 1.        , 0.26546   ,\n",
       "        0.1777922 ],\n",
       "       [0.03525902, 0.0414159 , 0.02643918, 0.05067066, 0.03642586,\n",
       "        0.0133761 , 0.05638231, 0.05638231, 0.0335912 , 0.05638231,\n",
       "        0.03374145, 0.02765413, 0.01635337, 0.01596855, 0.01373158,\n",
       "        0.02110189, 0.04252058, 0.08201707, 0.26546   , 1.        ,\n",
       "        0.2281862 ],\n",
       "       [0.00899201, 0.00773193, 0.02169777, 0.03475861, 0.03652455,\n",
       "        0.02114159, 0.00957474, 0.00957474, 0.00609841, 0.00957474,\n",
       "        0.02646643, 0.02105467, 0.01450491, 0.01416358, 0.01217946,\n",
       "        0.01871669, 0.04224378, 0.03917808, 0.1777922 , 0.2281862 ,\n",
       "        1.        ]])"
      ]
     },
     "execution_count": 5,
     "metadata": {},
     "output_type": "execute_result"
    }
   ],
   "source": [
    "# Create a TF-IDF Vectorizer and Cosine Similarity.\n",
    "df.reset_index(inplace=True)\n",
    "df.set_index('Product_Name', inplace=True)\n",
    "tf = TfidfVectorizer(analyzer='word', ngram_range=(1, 3), min_df=0, stop_words='english')\n",
    "tfidf_matrix = tf.fit_transform(df['key_phrase_extract'])\n",
    "cos_sim = cosine_similarity(tfidf_matrix, tfidf_matrix)\n",
    "cos_sim"
   ]
  },
  {
   "cell_type": "code",
   "execution_count": 6,
   "id": "239aefc5",
   "metadata": {},
   "outputs": [
    {
     "data": {
      "text/plain": [
       "0                 DOVE BOTANIC BREAKAGE PROTECT SHAMPOO\n",
       "1               DOVE BOTANIC SPLIT ENDS PROTECT SHAMPOO\n",
       "2                         DOVE LIGHT MOIST PURE SHAMPOO\n",
       "3                      DOVE JAPAN AIRY MOISTURE SHAMPOO\n",
       "4                      DOVE JAPAN RICH MOISTURE SHAMPOO\n",
       "5                           DOVE SHAMPOO STRAIGHT&SILKY\n",
       "6             VIDAL SASSOON LIGHT & SOFT SMOOTH SHAMPOO\n",
       "7                 VIDAL SASSOON MOISTURIZING AD SHAMPOO\n",
       "8             VIDAL SASSOON TEXTURIZED STRAIGHT SHAMPOO\n",
       "9           VIDAL SASSOON MOISTURING TRT REPAIR SHAMPOO\n",
       "10                         REJOICE VOLUME FRESH SHAMPOO\n",
       "11                                  REJOICE OIL REMOVAL\n",
       "12                            REJOICE OLIVE OIL SHAMPOO\n",
       "13                      REJOICE MINT REFRESHING SHAMPOO\n",
       "14                       REJOICE LEMON BALANCED SHAMPOO\n",
       "15                            REJOICE 3IN1 CARE SHAMPOO\n",
       "16        ESSENTIAL NOURISHING BREAKAGE DEFENSE SHAMPOO\n",
       "17            ESSENTIAL MOISTURIZING FRIZZ FREE SHAMPOO\n",
       "18         Essential Purify Deep Cleansing Care Shampoo\n",
       "19    Essential Purify Weightlessly Smooth Care Shampoo\n",
       "20               Essential Purify Anti Dandruff Shampoo\n",
       "Name: Product_Name, dtype: object"
      ]
     },
     "execution_count": 6,
     "metadata": {},
     "output_type": "execute_result"
    }
   ],
   "source": [
    "# Create list of Product_Name.\n",
    "p_name = pd.Series(df.index)\n",
    "p_name"
   ]
  },
  {
   "cell_type": "code",
   "execution_count": 7,
   "id": "9e1584bd",
   "metadata": {},
   "outputs": [],
   "source": [
    "# Create function for Product Recommendations.\n",
    "def product_recommendations(Product_Name, cos_sim = cos_sim):\n",
    "    recommended_product = []\n",
    "    idx = p_name[p_name == Product_Name].index[0]\n",
    "    score_series = pd.Series(cos_sim[idx]).sort_values(ascending = False)\n",
    "    top_10_indexes = list(score_series.iloc[1:11].index)\n",
    "    for i in top_10_indexes:\n",
    "        recommended_product.append(list(df.index)[i])\n",
    "    return recommended_product"
   ]
  },
  {
   "cell_type": "code",
   "execution_count": 8,
   "id": "2823bfe5",
   "metadata": {
    "scrolled": true
   },
   "outputs": [
    {
     "data": {
      "text/plain": [
       "['DOVE BOTANIC SPLIT ENDS PROTECT SHAMPOO',\n",
       " 'ESSENTIAL NOURISHING BREAKAGE DEFENSE SHAMPOO',\n",
       " 'DOVE JAPAN RICH MOISTURE SHAMPOO',\n",
       " 'DOVE JAPAN AIRY MOISTURE SHAMPOO',\n",
       " 'DOVE LIGHT MOIST PURE SHAMPOO',\n",
       " 'ESSENTIAL MOISTURIZING FRIZZ FREE SHAMPOO',\n",
       " 'VIDAL SASSOON LIGHT & SOFT SMOOTH SHAMPOO',\n",
       " 'VIDAL SASSOON MOISTURIZING AD SHAMPOO',\n",
       " 'VIDAL SASSOON MOISTURING TRT REPAIR SHAMPOO',\n",
       " 'Essential Purify Weightlessly Smooth Care Shampoo']"
      ]
     },
     "execution_count": 8,
     "metadata": {},
     "output_type": "execute_result"
    }
   ],
   "source": [
    "# Perform Product Recommendations. It is based on Ingredients to figure out the similarity.\n",
    "product_recommendations('DOVE BOTANIC BREAKAGE PROTECT SHAMPOO')"
   ]
  },
  {
   "cell_type": "markdown",
   "id": "2b7622ad",
   "metadata": {},
   "source": [
    "**Perform TF-IDF analysis for Product Details**"
   ]
  },
  {
   "cell_type": "code",
   "execution_count": 4,
   "id": "f41f8301",
   "metadata": {},
   "outputs": [],
   "source": [
    "# Convert 'Product_Details' to list.\n",
    "list_of_product__details = df['Product_Details'].tolist()"
   ]
  },
  {
   "cell_type": "code",
   "execution_count": 5,
   "id": "b7135446",
   "metadata": {},
   "outputs": [],
   "source": [
    "# Initialise TfidfVectorizer.\n",
    "vectoriser = TfidfVectorizer(analyzer='word', ngram_range=(1, 3), min_df=0, stop_words='english')\n",
    "\n",
    "# Obtain weights of each term to each document in Product Details (TF-IDF scores).\n",
    "tf_idf_scores = vectoriser.fit_transform(list_of_product__details)"
   ]
  },
  {
   "cell_type": "code",
   "execution_count": 6,
   "id": "6c3801f5",
   "metadata": {},
   "outputs": [],
   "source": [
    "# Get vocabulary of terms.\n",
    "feature_names = vectoriser.get_feature_names()\n",
    "list_of_product__details_index = [n for n in list_of_product__details]"
   ]
  },
  {
   "cell_type": "code",
   "execution_count": 7,
   "id": "727255df",
   "metadata": {},
   "outputs": [
    {
     "data": {
      "text/html": [
       "<div>\n",
       "<style scoped>\n",
       "    .dataframe tbody tr th:only-of-type {\n",
       "        vertical-align: middle;\n",
       "    }\n",
       "\n",
       "    .dataframe tbody tr th {\n",
       "        vertical-align: top;\n",
       "    }\n",
       "\n",
       "    .dataframe thead th {\n",
       "        text-align: right;\n",
       "    }\n",
       "</style>\n",
       "<table border=\"1\" class=\"dataframe\">\n",
       "  <thead>\n",
       "    <tr style=\"text-align: right;\">\n",
       "      <th></th>\n",
       "      <th>Japan Origin. Combat hair breakage with Dove Japan Hair Breakage Protection range and bring back a head of silky hair  stronger and smoother.\\n</th>\n",
       "      <th>Japan Origin. Looking for smooth and straight hair that is easy to look after  Dove Japan Straight and Split Ends Protection range is designed for frizzy  hair knot and split ends hair type  leave your hair smooth and shiny silkness.</th>\n",
       "      <th>China Origin. Dove Light Moisture &amp; Purifying range  infused with natural sourced lotus extract  replenish essential nutrients. From the 1st use  it keeps hair smooth.</th>\n",
       "      <th>Japan Origin. Featuring Oxygen 1 that attracts moisture.\\nAdvanced Moisture Oxygen formula unique to Dove  infused with oxygen-combined smooth moisture ingredient 2.\\n 1 Oxygen atom in the ingredient structure  2 Cation Guargum\\nTransparent shampoo washes your hair soft and fresh  preparing your hair for the next step of care after shampoo.\\n\\nSubtle burst of elegant floral and fresh fruits.\\n\\nEven the dry  spread and frizzy hair becomes this manageable.\\nAiry finish that is so lightly smooth and manageable.</th>\n",
       "      <th>Japan Origin. Dove’s unique advanced moisture oil formula  infused with moisture lipid  1 which is same as the component that naturally exists in hair.\\nInfused with moisture lipid that penetrates into the hair and Squalane 2 which cares for the surface of the hair.\\n 1 Oleic acid: moisture ingredient   2 Moisture ingredient\\nTransparent shampoo washes your hair soft and fresh  preparing your hair for the next step of care after shampoo.\\n\\nSubtle burst of elegant floral and fresh fruits.\\n\\nEven the dry  spread and frizzy hair becomes this manageable.\\nRich finish that is soft and manageable.</th>\n",
       "      <th>Thailand Origin. With Pro-Moisture Complex  leaves hair straighter &amp; manageable</th>\n",
       "      <th>China Origin. Contains PPT can protect dry hair  moisturizing ingredients can clean and fully penetrate dry  fragile hair.</th>\n",
       "      <th>China Origin. Contains PPT can protect dry hair  moisturizing ingredients can clean and fully penetrate dry  fragile hair.</th>\n",
       "      <th>China Origin. Light texture moisturizing formula makes hair feeling light and smooth and can with any hair style .</th>\n",
       "      <th>China Origin. Contains PPT can protect dry hair  moisturizing ingredients can clean and fully penetrate dry  fragile hair.</th>\n",
       "      <th>...</th>\n",
       "      <th>China Origin. Rejoice Innovative Hair make-up removal \\n1. Inspired by French  Micellar Water Hair Make-up technology  mild to the skin\\n2. Micellar micron particle easily get into the scalp pore  the clean the grease hidden in the deep pore\\n3. Natural white tea and lemon grass essence. Purify and remove oil  deliver volume up smoothness.\\n4.Free of Paraben preservatives  Mineral oils  Paraffins</th>\n",
       "      <th>China Origin. Olive Oil Shampoo</th>\n",
       "      <th>China Origin. Mint Refreshing Shampoo</th>\n",
       "      <th>China Origin. Lemon Balanced Conditioning Shampoo</th>\n",
       "      <th>China Origin. 3-in-1 Care Shampoo</th>\n",
       "      <th>Taiwan Origin. Upgraded 360 cuticle restructure essence could form a thin  uniform protective layer along every hair strand  reduce the fiction between hair  and thus protect cuticle from external damage.\\n\\nSuitable for severely damaged hair which always undergo coloring &amp; perming  intensively repair damaged cuticle  anti- hair breakage &amp; split end with ultra smooth &amp; shiny hair</th>\n",
       "      <th>Taiwan Origin. Upgraded 360 cuticle restructure essence could form a thin  uniform protective layer along every hair strand  reduce the fiction between hair  and thus protect cuticle from external damage.\\n\\nSuitable for dry and frizzy hair which always treated with dryer &amp; curler  refill hair moisture from cuticle loss  hair is moisturized &amp;shiny without fizziness</th>\n",
       "      <th>Taiwan Origin. Watery 0% silicone  protect hair moisture\\n4times water lock &amp; natural repair\\n\\nLong-lasting oil control formula\\nIntensively deep cleansing the excessive oil. Retain scalp and hair oil &amp; water balance  long time control oil. Hair root is fresh and without stickiness  hair end not dry. Hair can keep moisture and smooth always.\\n\\nMeans not adding silicone  applies to shampoo products only.</th>\n",
       "      <th>Taiwan Origin. Watery 0% silicone  protect hair moisture\\n4times water lock &amp; natural repair\\n\\nQuick Dry Airy formula\\nEffective to reduce tangled hair and also add airy feeling to hair. No flat hair top  while hair tip does not tangle. Hair become distinctly seperated  when hair dryer lightly blow  air pass through hair  make hair easy to dry  save 20%# of the hair blowing time  and protect hair from heat and friction.\\n\\nMeans not adding silicone  applies to shampoo products only</th>\n",
       "      <th>Taiwan Origin. Watery 0% silicone  protect hair moisture\\n4times water lock &amp; natural repair\\n\\nHighly effective lock moisture anti-dandruff formulation\\nContains Piroctone Olamine which is an active anti-dandruff ingredient that effectively remove dandruff  prevent itchy. After use  scalp can keep refresh and moisturized  no more dandruff problem.\\n\\nMeans not adding silicone  applies to shampoo products only</th>\n",
       "    </tr>\n",
       "  </thead>\n",
       "  <tbody>\n",
       "    <tr>\n",
       "      <th>1st</th>\n",
       "      <td>0.0</td>\n",
       "      <td>0.0</td>\n",
       "      <td>0.142</td>\n",
       "      <td>0.0</td>\n",
       "      <td>0.0</td>\n",
       "      <td>0.0</td>\n",
       "      <td>0.0</td>\n",
       "      <td>0.0</td>\n",
       "      <td>0.0</td>\n",
       "      <td>0.0</td>\n",
       "      <td>...</td>\n",
       "      <td>0.000000</td>\n",
       "      <td>0.0</td>\n",
       "      <td>0.0</td>\n",
       "      <td>0.0</td>\n",
       "      <td>0.0</td>\n",
       "      <td>0.0</td>\n",
       "      <td>0.0</td>\n",
       "      <td>0.000000</td>\n",
       "      <td>0.000000</td>\n",
       "      <td>0.000000</td>\n",
       "    </tr>\n",
       "    <tr>\n",
       "      <th>1st use</th>\n",
       "      <td>0.0</td>\n",
       "      <td>0.0</td>\n",
       "      <td>0.142</td>\n",
       "      <td>0.0</td>\n",
       "      <td>0.0</td>\n",
       "      <td>0.0</td>\n",
       "      <td>0.0</td>\n",
       "      <td>0.0</td>\n",
       "      <td>0.0</td>\n",
       "      <td>0.0</td>\n",
       "      <td>...</td>\n",
       "      <td>0.000000</td>\n",
       "      <td>0.0</td>\n",
       "      <td>0.0</td>\n",
       "      <td>0.0</td>\n",
       "      <td>0.0</td>\n",
       "      <td>0.0</td>\n",
       "      <td>0.0</td>\n",
       "      <td>0.000000</td>\n",
       "      <td>0.000000</td>\n",
       "      <td>0.000000</td>\n",
       "    </tr>\n",
       "    <tr>\n",
       "      <th>1st use keeps</th>\n",
       "      <td>0.0</td>\n",
       "      <td>0.0</td>\n",
       "      <td>0.142</td>\n",
       "      <td>0.0</td>\n",
       "      <td>0.0</td>\n",
       "      <td>0.0</td>\n",
       "      <td>0.0</td>\n",
       "      <td>0.0</td>\n",
       "      <td>0.0</td>\n",
       "      <td>0.0</td>\n",
       "      <td>...</td>\n",
       "      <td>0.000000</td>\n",
       "      <td>0.0</td>\n",
       "      <td>0.0</td>\n",
       "      <td>0.0</td>\n",
       "      <td>0.0</td>\n",
       "      <td>0.0</td>\n",
       "      <td>0.0</td>\n",
       "      <td>0.000000</td>\n",
       "      <td>0.000000</td>\n",
       "      <td>0.000000</td>\n",
       "    </tr>\n",
       "    <tr>\n",
       "      <th>20</th>\n",
       "      <td>0.0</td>\n",
       "      <td>0.0</td>\n",
       "      <td>0.000</td>\n",
       "      <td>0.0</td>\n",
       "      <td>0.0</td>\n",
       "      <td>0.0</td>\n",
       "      <td>0.0</td>\n",
       "      <td>0.0</td>\n",
       "      <td>0.0</td>\n",
       "      <td>0.0</td>\n",
       "      <td>...</td>\n",
       "      <td>0.000000</td>\n",
       "      <td>0.0</td>\n",
       "      <td>0.0</td>\n",
       "      <td>0.0</td>\n",
       "      <td>0.0</td>\n",
       "      <td>0.0</td>\n",
       "      <td>0.0</td>\n",
       "      <td>0.000000</td>\n",
       "      <td>0.079654</td>\n",
       "      <td>0.000000</td>\n",
       "    </tr>\n",
       "    <tr>\n",
       "      <th>20 hair</th>\n",
       "      <td>0.0</td>\n",
       "      <td>0.0</td>\n",
       "      <td>0.000</td>\n",
       "      <td>0.0</td>\n",
       "      <td>0.0</td>\n",
       "      <td>0.0</td>\n",
       "      <td>0.0</td>\n",
       "      <td>0.0</td>\n",
       "      <td>0.0</td>\n",
       "      <td>0.0</td>\n",
       "      <td>...</td>\n",
       "      <td>0.000000</td>\n",
       "      <td>0.0</td>\n",
       "      <td>0.0</td>\n",
       "      <td>0.0</td>\n",
       "      <td>0.0</td>\n",
       "      <td>0.0</td>\n",
       "      <td>0.0</td>\n",
       "      <td>0.000000</td>\n",
       "      <td>0.079654</td>\n",
       "      <td>0.000000</td>\n",
       "    </tr>\n",
       "    <tr>\n",
       "      <th>...</th>\n",
       "      <td>...</td>\n",
       "      <td>...</td>\n",
       "      <td>...</td>\n",
       "      <td>...</td>\n",
       "      <td>...</td>\n",
       "      <td>...</td>\n",
       "      <td>...</td>\n",
       "      <td>...</td>\n",
       "      <td>...</td>\n",
       "      <td>...</td>\n",
       "      <td>...</td>\n",
       "      <td>...</td>\n",
       "      <td>...</td>\n",
       "      <td>...</td>\n",
       "      <td>...</td>\n",
       "      <td>...</td>\n",
       "      <td>...</td>\n",
       "      <td>...</td>\n",
       "      <td>...</td>\n",
       "      <td>...</td>\n",
       "      <td>...</td>\n",
       "    </tr>\n",
       "    <tr>\n",
       "      <th>watery silicone protect</th>\n",
       "      <td>0.0</td>\n",
       "      <td>0.0</td>\n",
       "      <td>0.000</td>\n",
       "      <td>0.0</td>\n",
       "      <td>0.0</td>\n",
       "      <td>0.0</td>\n",
       "      <td>0.0</td>\n",
       "      <td>0.0</td>\n",
       "      <td>0.0</td>\n",
       "      <td>0.0</td>\n",
       "      <td>...</td>\n",
       "      <td>0.000000</td>\n",
       "      <td>0.0</td>\n",
       "      <td>0.0</td>\n",
       "      <td>0.0</td>\n",
       "      <td>0.0</td>\n",
       "      <td>0.0</td>\n",
       "      <td>0.0</td>\n",
       "      <td>0.070935</td>\n",
       "      <td>0.063405</td>\n",
       "      <td>0.072545</td>\n",
       "    </tr>\n",
       "    <tr>\n",
       "      <th>white</th>\n",
       "      <td>0.0</td>\n",
       "      <td>0.0</td>\n",
       "      <td>0.000</td>\n",
       "      <td>0.0</td>\n",
       "      <td>0.0</td>\n",
       "      <td>0.0</td>\n",
       "      <td>0.0</td>\n",
       "      <td>0.0</td>\n",
       "      <td>0.0</td>\n",
       "      <td>0.0</td>\n",
       "      <td>...</td>\n",
       "      <td>0.085504</td>\n",
       "      <td>0.0</td>\n",
       "      <td>0.0</td>\n",
       "      <td>0.0</td>\n",
       "      <td>0.0</td>\n",
       "      <td>0.0</td>\n",
       "      <td>0.0</td>\n",
       "      <td>0.000000</td>\n",
       "      <td>0.000000</td>\n",
       "      <td>0.000000</td>\n",
       "    </tr>\n",
       "    <tr>\n",
       "      <th>white tea</th>\n",
       "      <td>0.0</td>\n",
       "      <td>0.0</td>\n",
       "      <td>0.000</td>\n",
       "      <td>0.0</td>\n",
       "      <td>0.0</td>\n",
       "      <td>0.0</td>\n",
       "      <td>0.0</td>\n",
       "      <td>0.0</td>\n",
       "      <td>0.0</td>\n",
       "      <td>0.0</td>\n",
       "      <td>...</td>\n",
       "      <td>0.085504</td>\n",
       "      <td>0.0</td>\n",
       "      <td>0.0</td>\n",
       "      <td>0.0</td>\n",
       "      <td>0.0</td>\n",
       "      <td>0.0</td>\n",
       "      <td>0.0</td>\n",
       "      <td>0.000000</td>\n",
       "      <td>0.000000</td>\n",
       "      <td>0.000000</td>\n",
       "    </tr>\n",
       "    <tr>\n",
       "      <th>white tea lemon</th>\n",
       "      <td>0.0</td>\n",
       "      <td>0.0</td>\n",
       "      <td>0.000</td>\n",
       "      <td>0.0</td>\n",
       "      <td>0.0</td>\n",
       "      <td>0.0</td>\n",
       "      <td>0.0</td>\n",
       "      <td>0.0</td>\n",
       "      <td>0.0</td>\n",
       "      <td>0.0</td>\n",
       "      <td>...</td>\n",
       "      <td>0.097089</td>\n",
       "      <td>0.0</td>\n",
       "      <td>0.0</td>\n",
       "      <td>0.0</td>\n",
       "      <td>0.0</td>\n",
       "      <td>0.0</td>\n",
       "      <td>0.0</td>\n",
       "      <td>0.000000</td>\n",
       "      <td>0.000000</td>\n",
       "      <td>0.000000</td>\n",
       "    </tr>\n",
       "    <tr>\n",
       "      <th>white tea water</th>\n",
       "      <td>0.0</td>\n",
       "      <td>0.0</td>\n",
       "      <td>0.000</td>\n",
       "      <td>0.0</td>\n",
       "      <td>0.0</td>\n",
       "      <td>0.0</td>\n",
       "      <td>0.0</td>\n",
       "      <td>0.0</td>\n",
       "      <td>0.0</td>\n",
       "      <td>0.0</td>\n",
       "      <td>...</td>\n",
       "      <td>0.000000</td>\n",
       "      <td>0.0</td>\n",
       "      <td>0.0</td>\n",
       "      <td>0.0</td>\n",
       "      <td>0.0</td>\n",
       "      <td>0.0</td>\n",
       "      <td>0.0</td>\n",
       "      <td>0.000000</td>\n",
       "      <td>0.000000</td>\n",
       "      <td>0.000000</td>\n",
       "    </tr>\n",
       "  </tbody>\n",
       "</table>\n",
       "<p>1005 rows × 21 columns</p>\n",
       "</div>"
      ],
      "text/plain": [
       "                         Japan Origin. Combat hair breakage with Dove Japan Hair Breakage Protection range and bring back a head of silky hair  stronger and smoother.\\n  \\\n",
       "1st                                                                    0.0                                                                                                 \n",
       "1st use                                                                0.0                                                                                                 \n",
       "1st use keeps                                                          0.0                                                                                                 \n",
       "20                                                                     0.0                                                                                                 \n",
       "20 hair                                                                0.0                                                                                                 \n",
       "...                                                                    ...                                                                                                 \n",
       "watery silicone protect                                                0.0                                                                                                 \n",
       "white                                                                  0.0                                                                                                 \n",
       "white tea                                                              0.0                                                                                                 \n",
       "white tea lemon                                                        0.0                                                                                                 \n",
       "white tea water                                                        0.0                                                                                                 \n",
       "\n",
       "                         Japan Origin. Looking for smooth and straight hair that is easy to look after  Dove Japan Straight and Split Ends Protection range is designed for frizzy  hair knot and split ends hair type  leave your hair smooth and shiny silkness.  \\\n",
       "1st                                                                    0.0                                                                                                                                                                                           \n",
       "1st use                                                                0.0                                                                                                                                                                                           \n",
       "1st use keeps                                                          0.0                                                                                                                                                                                           \n",
       "20                                                                     0.0                                                                                                                                                                                           \n",
       "20 hair                                                                0.0                                                                                                                                                                                           \n",
       "...                                                                    ...                                                                                                                                                                                           \n",
